4 0.021484 0.238579 0.035156 0.081218
3 0.080078 0.218274 0.050781 0.091371
11 0.148438 0.175127 0.046875 0.086294
6 0.214844 0.149746 0.046875 0.096447
6 0.384766 0.131980 0.050781 0.091371
6 0.521484 0.154822 0.058594 0.096447
4 0.294922 0.144670 0.050781 0.096447
8 0.445312 0.139594 0.046875 0.096447
5 0.580078 0.197970 0.058594 0.081218
1 0.634766 0.233503 0.066406 0.101523
2 0.720703 0.284264 0.074219 0.071066
12 0.779297 0.347716 0.066406 0.076142
11 0.839844 0.411168 0.062500 0.081218
11 0.976562 0.723350 0.046875 0.076142
